"x"
-57.0010978726645
26.3031037659587
-17.750151204879
-20.5063094557956
87.2388153953727
-31.8042806948572
30.828602175191
225.460798112445
268.841082332843
-183.205469137779
30.6403747632643
-179.605123162732
28.3285826816368
117.316577078943
36.4967176833694
92.0546776530484
-162.554749634046
-123.723998885811
162.474848480688
-258.222473549223
-29.080848619502
114.271327007394
253.302703714327
-385.160558213174
40.100946209976
-35.5702451330597
230.650200483999
-128.279581012978
-328.34187704278
30.5083296368087
31.0242373939686
229.808628923381
21.2324149643216
-285.973427920867
130.840792807
8.38015084542765
487.458716761364
-70.3732693721325
413.036212400603
-133.874151067332
-103.940700420115
116.024775003665
-653.241271444884
459.646139772782
-468.696955593402
15.8204985009052
-301.777660867163
-172.766419884495
284.273124452372
-165.361528206813
-105.913898616613
120.783648973393
-383.088014572549
18.2198291248613
396.983254659335
-43.97154904996
172.450951514793
133.237441734688
122.415065428062
198.112525330789
258.869639222506
397.170550360448
-83.1343630559677
-568.375621161292
-75.4294967638734
-168.021839455975
326.321833569917
-211.317008341828
-165.085450538093
-165.435366248243
240.407054016837
-142.565296069627
138.898606732767
-77.646094860163
354.991987557588
93.4618241881492
158.482370563983
-103.2124937215
156.271392936326
221.709500477874
125.171083446331
256.930976180962
243.210367597352
-143.174104964839
-491.658592035603
-171.532553672105
-2.95689744485384
38.507524570642
33.1663086784745
119.236209999137
-38.1940129516433
313.681123251991
208.780219945061
65.8179813296875
260.302517597052
-552.669438284924
-104.750000837839
243.26110431484
206.802289430438
-361.487528899477
-69.064028669804
198.414793811907
-76.8790933532398
100.773321909995
89.4930653727208
322.758472798047
44.6312337411598
213.951150529755
-37.9676231252514
-65.8870057416694
75.5784451599098
-55.0341447562178
412.520372864826
13.4603408492054
47.3868343443015
127.064573606487
33.6515882094333
208.890949647828
741.366493012915
118.763202776804
671.563675971336
-134.491154153021
232.873202740556
-82.7813886842305
-226.239991757005
46.0068160261218
-568.575810959584
95.3278431240649
-178.671339869786
195.875735636045
30.8340288157983
340.767123009551
48.9575839833387
207.8242255332
-800.250756949278
63.9756731099232
78.507606074905
-232.503270327743
-211.846168731218
-370.693539514781
52.4594239787667
124.489315254365
57.5984332562237
145.293372754688
-15.971060108896
-160.71108084832
400.035924867685
-172.872876042356
-270.112064391282
329.154511718378
229.28505498273
424.581154657749
-380.368622802505
577.982725786579
-201.503203918986
-153.926991272832
-234.98646493459
-248.015655619613
711.813855037273
-299.368089935604
323.106133159193
-667.692664752599
-184.914518269362
-793.137862516293
710.385262879859
-273.549376303129
656.413736434143
-237.413126607015
1157.76759145384
-62.6277520872215
-75.7988813954976
688.07946384652
-234.780069544629
-453.683799173578
570.576893276937
459.610515339538
-228.626178560348
910.248244013387
-1728.55468159366
123.478944793405
249.922185340765
386.197374094541
-874.836715412962
336.773162451533
1594.1709694752
217.581624323075
-435.682293469028
-469.507121590833
449.076395601812
516.857630327831
375.43901329978
613.321403011713
-1404.66669390308
-622.917869406151
372.261718265131
374.717916568208
-661.841196088518
1806.4824232582
-687.510274357135
-718.594899437872
830.376066766961
674.539422626665
-104.39777695407
-130.861143249116
1151.50313350516
329.662466689105
1587.29252303438
447.676012262486
-205.011678796042
-1475.59532362361
-25.9102904216714
-109.727436379291
-1259.47622291646
-778.950009148461
250.167915649974
23.8267502427327
1202.4992322502
-594.747058605335
-191.204371845299
-704.665273765529
24.2148845700623
-1582.17450288958
-359.130962413727
-317.472065361472
423.157760736885
-1417.20380709978
123.087472247493
914.455297227703
361.91769560028
-87.7337438564712
-342.556538929255
140.422161818928
-278.790012408979
-969.613736060826
1166.39828854118
480.040861961585
-134.613762532467
67.8485212402109
-749.821788773156
1395.23779115599
-2111.21610139111
-334.651122363189
-564.851162053014
-772.547106163617
91.9380119909527
-642.373579557429
-592.080825445663
-28.8664378839755
-759.95049680809
311.49116681861
-125.013964448443
448.349098356901
294.799047974965
468.363422409158
8.18755951355088
15.5335702110171
191.812365029326
-357.433322598554
-423.465775534383
86.6931014503398
-439.866104703182
-168.080583265811
1096.50681424045
-481.589380073069
278.93324723494
-980.723486839341
-61.5312671673953
-510.337099818424
1055.73014556809
722.028529086249
-544.033890790362
622.768883749615
818.800203907659
-2417.78974191071
101.878063355288
721.660571130507
257.750300208713
1608.606297871
857.54194479202
-1289.07768037257
-1252.89851975212
118.559365417795
-556.702192373569
-921.562684463638
1056.15786534359
-1021.9591307528
-382.1851430756
-500.268923014541
236.854187726713
-1125.09895398174
-1304.50331224658
919.352231468596
-77.4233181316883
480.952175106555
275.735843702161
-77.4967073706251
1434.35465540504
-725.80123387612
-561.208591594596
75.9772723476961
-1354.51937924854
-328.45845875414
638.902516036419
-290.091249084293
620.930422316612
-1732.70921259209
259.138261661588
1808.20686204443
-345.502616804974
-1258.41421167698
-263.281298355363
-1479.56004765093
-668.26004703798
-397.046781469353
-835.536296299523
-78.3596340707482
1072.84500682292
-1942.61255818888
409.58751727313
282.344100483406
-8.81287750938231
-120.032466361116
-966.071405423589
1073.34445607616
929.065389529033
-1042.30836289411
549.544533219086
-1176.34942936348
41.6132055150764
376.577375493073
92.1839582904126
-826.254163281531
433.417789107889
181.016876679404
-724.883902638652
-88.2411882196941
7.30048091116997
-211.305458217962
401.082971648565
157.97294179303
66.7427191511072
-367.458393743429
329.885019631693
-78.2760281654511
234.810545045475
-252.372337338884
-316.335908287747
119.8948898813
146.211678073317
-144.235236288803
-539.45074726392
239.522089455597
311.860740278908
-377.881234362205
-70.0352851748945
551.884438885826
-303.087115840456
-59.9194899848883
-385.096154970541
397.772338704478
695.255212236321
-458.730377858448
-14.1596000762717
-616.367400917614
46.3974092692937
408.88767291758
-113.170352572366
57.0471268268115
651.618160091451
1120.33586064313
-287.381094813058
-472.600054600734
-338.015567435991
212.663149965821
-590.817629125778
480.944318509114
-251.084418021257
44.294629038537
-333.916669117375
178.882085817161
-125.459011591455
-107.547020594749
-659.008282671131
84.5692480962745
213.701789900029
-90.4747300216587
-372.9351715419
54.3514830112088
-129.029539078184
-253.705641028057
137.954340410954
376.885244531626
233.391026900358
-372.107703952283
-11.6167670620981
-150.142300600659
-666.339858849432
317.953992393961
4.61054347833323
-218.430804532786
-217.937640750269
-33.7016272529664
137.346233880384
48.4182904095458
173.832274048119
-283.75081459424
76.7563306524393
-276.82518664216
-258.130865127715
-74.3905643618659
-71.1326642711184
196.900209749219
54.5117300875716
-145.275865910162
205.765776578958
-21.4367997894254
3.81300813242636
-375.484096346804
134.714795879124
-55.4075661065745
-65.3644875195819
431.672190603578
-13.1714519025244
15.0038896934532
-51.1252788464044
151.556113261642
290.502249805977
83.7795357515364
-159.900164878026
5.68828146459155
235.375049133049
144.868669172622
481.034311333026
128.865712452367
-170.684016885098
-363.776465834857
22.8527568770731
-193.526373669504
-102.963410770727
77.5282699307579
-115.264802543519
35.3589532180618
-81.3068692210075
775.538827723493
119.513458359856
-248.336841827956
-297.533586607495
-238.16144514865
-48.6784145052389
143.629978740266
642.270615209683
-520.790821512257
830.210933958779
-108.311175836327
-416.262463670843
124.478327959255
-111.1841375593
877.51134038183
-259.870324386379
42.9385036042221
-446.420484130543
45.7655219188876
59.8785970955494
-119.729672561259
-553.809700254832
-295.455045013836
27.4618549044957
119.262128973077
144.725878343273
104.759838314927
-194.829857754285
220.365814480513
22.5906663138286
21.7578961395449
-287.929337184424
298.233087949777
145.474227373951
-34.4347761712139
-92.6937452397981
102.258257802487
-101.318085949947
-691.765713083811
-399.875987920403
281.168028330553
334.709281013173
-115.086579970833
224.057237004978
348.862597651193
-247.4942784352
212.962784569666
662.976795289618
-58.2099617544714
-79.1332066046531
-484.406501648988
-12.4019866730935
-473.570310800673
273.384393225896
-362.406038721244
190.862018725015
157.767815202253
-491.637809104248
15.9437905740359
-532.026235914639
-168.058351464667
-292.465065078365
9.67357780851152
19.3817921808795
-299.67712722103
-13.3839881304724
177.809615166402
331.751173344531
-32.5310691466543
81.9515335650299
32.7088940357656
-350.229221875304
-307.553800311375
17.2677042995382
47.7962644018923
-501.860581224413
274.704708206004
-150.986859330284
295.598534069879
307.175121228952
-210.018944516075
-137.280454760954
240.096521295982
-81.0959341829418
630.34921225507
221.628305916077
-498.947365629099
327.432019864569
-284.125778178283
117.482855509158
-331.447155182437
28.927997240232
-418.95486492789
-145.515937066685
567.281007510734
-120.242488654921
-127.301468565343
123.911679689326
-730.259888622796
257.565393997261
-134.373946009431
5.85324138458198
-534.841878198424
389.178438062372
-41.1976574938299
82.3667026874384
301.060129376929
4.91958714405671
-14.9824903981214
129.732000867206
107.117687987549
-482.384733517782
-116.147677573674
59.2780116529044
-231.553493169966
-163.440914426647
91.2809951478105
-106.532531059726
-51.4491013646097
154.532743279136
-117.213679903152
128.516304804766
69.0265487799637
-49.2390015370168
44.31438632657
431.061897573555
-112.350930818677
128.352184218462
6.54760307554136
34.0103685035671
-141.422147965884
77.573684224258
-98.9348361366649
120.156000599806
620.26157713081
-160.266256512703
-53.5792962218882
170.093377770316
6.98776467348772
200.680988315436
-19.1053081444482
-321.821227495466
53.1279280180932
-176.811232297891
187.822605620437
242.094744201824
-67.3538479768501
336.634899065878
-518.348508753381
-241.01821244504
156.587712654435
21.1328849566118
139.843461355874
26.1253216501133
-66.0688348592247
518.639461450235
198.66661020516
-260.829783581966
-282.824179123836
-90.798082055211
197.829913631725
-562.776022609478
98.3036620581711
158.719641812619
477.975276014266
-624.739938009659
-58.5637054013521
99.5586987342848
-313.755527619179
213.321412229355
-289.269758498117
-623.042541560578
89.9131727253517
-471.582057911834
57.5796946052063
-241.289300441405
132.649061570455
-98.5322989174857
117.559354287989
-70.307007369642
-58.9213404931624
415.544553965715
10.0312151944982
-294.76704008965
62.6942166410835
33.6039593069445
-55.112645820749
