"x"
86.5590008885996
-39.7700254035175
110.067114931846
-68.8400083153481
-39.8804751427676
29.5519718157851
-66.9131745188314
-97.9537149064647
-10.7228814575566
1.89679421947653
255.516416906241
-87.8773796660658
-11.3294179134082
-46.0253753628307
-188.624745216572
200.379618347842
-29.2879560680511
14.5706702465231
-163.133386080377
-97.456037331766
-62.1718654080822
-33.2685745122741
32.7658635345267
-30.7543370225132
-206.046669552961
47.1565037489851
195.953234287619
56.9196680810886
-153.175917593038
-185.49748072222
86.8805470765434
29.0420914423283
-11.6504327167856
-6.47388379735236
-18.0714624150958
134.249252523235
-9.95436702353325
573.513311981096
-89.2135953562346
92.0990388902452
256.331458854653
197.941249607662
-356.845584143682
94.0280335012471
-166.792229455034
-33.0281971424804
-50.5437722259817
358.28478268655
-127.152012231258
-66.8133512742557
61.5716456486582
-180.120912027597
-97.3610717526803
-332.101173597522
40.9630470984971
-19.2895406116845
2.85968009283733
100.945319065278
160.803553805011
-97.9040558986909
40.2436318723441
-1.01113084315796
-153.628521898893
13.1358641750718
-93.524214680423
-40.4494738281952
-144.244213610967
125.127788536609
-83.6402272294543
-57.2842591882861
-255.687250078235
-14.9743395132184
-58.7935116892564
15.3212037009812
-145.618381803492
29.0842189710839
0.29713597619985
-174.897227290639
-208.044487577375
-30.0490697214102
151.038805478728
-129.793236857716
-179.651511366529
-139.065525336385
-20.570444176734
-36.9254602762006
20.4206080075975
-52.192012017637
230.482047093329
-180.617052721956
72.0396974914915
7.11517314450372
-98.1746061060609
21.1998953610085
-191.2112075238
-23.4453644227927
-13.5841278902978
33.161196168618
217.040952309074
-102.942510970985
-117.151782853555
-75.753692564779
-33.7697578683865
-85.2291945775052
-12.2569918536236
95.8519126845233
206.712783276381
312.49744615461
-191.186768548819
-27.136082345204
125.410710802065
-277.304828271773
-77.8614440798818
-254.815306824816
-17.8771514404341
-30.96125819755
279.618048281613
-144.436433556231
247.260338971805
109.112452676471
55.8038223677448
-142.819702099524
2.98170668243591
28.6176243552053
-160.374897640724
-112.810247381439
53.9318635636985
-34.2517666002443
-64.3124195596053
287.502791601328
-11.3409922210723
-432.102564740495
53.8850897166298
68.2372588844019
-126.335864578325
93.0826273652852
-137.451406921938
235.112495910505
-59.0626553950001
454.682428721159
-96.4218423639757
575.499329645164
279.331119188233
-221.407300663898
304.853886998303
-108.28191213023
52.7265199088047
595.131370435923
-499.864672227981
-165.875178724864
-111.715052307343
539.969557184782
-236.799144752453
84.1338490966501
275.439023687006
253.396908774437
-212.445791454491
-539.043919342181
64.0559253248388
-28.075806582855
-144.620389651878
-22.5395797816849
-160.563307170966
235.887032335133
497.470140945107
-345.032450887762
66.4306079261504
-247.002751574547
-191.656579796279
171.95582864481
-54.2894276997814
314.067630226273
16.594872772879
-204.726307988478
-9.18625147376073
-173.61319230655
51.3059764911598
156.325684835075
-650.508135171952
-123.683766303566
96.1553825145632
-81.5340900817042
138.006072138215
-35.5326171435053
-7.53652859427922
-131.266506699796
109.342182023024
-453.314663930779
-46.3268762849987
46.4070067084823
-71.29126014736
-130.996615638467
115.035334016502
-159.494824940573
46.7085989798353
102.532673062226
-94.2869253317004
158.248108836899
224.605190447455
-64.7870622371121
113.370314869932
465.782121106633
-113.982581791876
-132.630819308404
10.9403482271244
-10.3075975564018
-318.523111670839
-86.5369077028428
37.765498210536
-429.801506538088
511.937676620626
-13.7389846728538
130.145625838989
-269.579901053495
675.665855006946
-148.68956916431
119.445654989939
111.681351435927
-595.153818348485
142.535016838638
401.727731878826
-30.7859182511812
322.90138259904
-122.36955114832
276.476402550756
-337.079190484387
480.560583073519
-229.513966549466
-665.018288097149
77.5262686396109
-250.35475146081
131.790916881471
202.709097953144
-315.10608474004
-303.834126058347
144.225439938846
-281.938723035344
481.779514299257
-52.2849841467848
-20.6961820686913
299.739677794355
338.781788247089
-37.440956802139
-85.6990831741433
29.8014156755395
-340.332856382271
-181.601409004839
11.6165526480309
292.635568584571
-20.1021970862039
-12.676557106963
283.358229144092
163.497491162989
503.78340609014
-20.0306276445759
471.283326751132
-163.216329019386
-198.518504706743
339.062117410587
-283.02200275489
453.884117352415
-17.1794738419546
465.0656821205
74.0739969361055
39.7579687409624
-733.297282573432
-228.858789010092
237.625698695887
-364.037954060707
-230.539823136139
106.254318349894
-354.329175935031
-310.044037824743
378.010915761396
660.420622304031
99.7232511840936
-106.218795852507
85.7722215745452
30.0726075385969
-149.872092589811
-306.822688292502
280.743241468507
-23.2563729521351
-26.6133143791377
-225.362268628359
190.61206201927
-108.016161781604
-148.876435778603
-125.499855224299
-32.3054713766425
285.333739948887
532.080850802952
116.968811375351
-63.8154912584793
-51.2712628314827
431.803732853947
-46.5601966162469
251.681011030647
-941.892522809935
104.426876391712
-129.362163474044
402.380876332871
64.7894979035252
-896.171045643242
499.167927508167
-686.386111749215
-149.655564495649
44.1696103335374
226.136204065881
288.944809645143
242.792159773548
-122.128445468893
-824.286096767292
76.8531992539074
-37.0411968550984
111.72967015348
-79.6227064513492
98.9214619758545
187.160526874935
-27.2127272800138
351.433085967134
164.039830177417
-132.892284043605
-499.49054326597
-150.431038951668
-243.870358036084
-9.29824166233873
155.221332646251
-89.1478596335813
-308.016033316374
-164.375931288904
44.7251337781183
-32.0369959953988
9.52265890921744
-458.954511253384
61.8588668570735
52.7502125060794
-136.794755431741
363.762797552953
-6.38409593620171
15.226443124697
-209.261962886945
139.688336255986
-56.7922648235742
-202.875629758231
66.1514689087901
72.3069230396752
249.658269755414
270.056124933829
-78.6944048440459
277.790794337021
-177.573178425255
-50.6202976484883
-145.161704231241
31.1506521578786
211.152834118182
213.010959513943
-9.16939207407119
-329.06058781993
635.951513703432
139.129241630811
8.29878501878444
360.872344520713
-239.78067468536
-392.427277598619
-140.39216175042
244.87804102593
125.476997707885
-57.3106889306149
362.802062390752
79.734034401867
-224.417003879875
-87.490642124649
628.406604930749
104.815570435729
121.173059175654
-188.390204790643
320.638530680731
-46.3322385498227
240.963622529591
-514.554006013013
562.838863245398
-218.391550164909
318.117555447791
442.015018981168
266.890883066715
-1326.67103831061
-725.318590751262
-66.8294149654944
103.354016490845
-457.793541384899
-56.3306342950095
578.780625574392
9.16541922313996
441.458266624306
-754.143587014949
-413.239363015707
367.127787237071
56.9489628942575
293.342864033762
-586.780290250711
65.7634808276928
357.513633148016
-324.665326868224
-251.828455816281
509.468762856309
124.091716369229
-155.445666362745
-127.051854078708
306.417621308932
241.955972114782
-243.089973742293
76.0425123068598
-341.391148901146
357.175583039896
-68.1385475400073
-160.365453448555
-416.843436704759
206.575336321268
-17.5172619207783
80.818443440252
686.983150909135
-193.050839007114
-461.403046317951
779.304451057828
-96.6796058145722
-393.319946797432
-45.1665390629735
1051.70195228733
-603.679659081656
954.142752380699
-1034.90571875916
-1214.00464835328
883.265294130552
113.436676519968
2.8388666921636
-300.265961027058
-447.193546655433
1692.89586830089
-1186.02838350441
50.936839286338
778.46286065298
379.06464230175
624.665103547867
1298.92047150179
242.990925794977
1142.1989471589
258.460138209326
-2110.39344250179
-327.179840137505
1524.17216870347
-668.218096036899
275.007327534753
-689.727568717994
305.039793634703
1215.77999461413
-96.753464285595
528.443786268702
675.467914100103
-1594.60655651346
33.3507082813238
-298.843268125592
-518.65084785541
68.9643360240587
-1000.24729868317
1199.97193791447
1037.91812817598
-250.747014856723
475.992771920056
358.50947716175
948.573930915607
-1147.33315057279
855.012576486672
527.27130055796
-126.220787233032
1142.19404372377
1163.09382356014
-940.562754296492
-1887.89951485256
-280.879952669497
-779.768541129699
-111.668905034512
2048.56281501294
-880.916006373001
-661.837012881895
512.135961571745
-765.864772491467
-1150.18847127108
483.123136003312
46.6564380923726
893.722044727723
-297.800883350441
451.343812589078
-1201.49945963593
160.75340792528
414.471995992993
-96.9754856788712
405.37589286823
344.456614154001
-198.356463955497
-16.716196252201
-13.5580514522272
-487.75349631227
-305.364825384399
-466.678748540669
104.635431506287
-328.092419189676
719.730999274729
24.1923918820334
561.862140596137
599.694423662088
-105.98632950895
722.669404410993
473.774513581643
294.218199945765
1739.17928392363
-1622.42242572755
674.458557845536
-110.151296390109
109.297599625869
-513.044439985905
-1328.58180597633
884.82888543621
262.979439572443
-160.926980011903
295.989071859873
62.9361026014632
-398.696809028107
-1031.55205160042
-140.014032236069
1256.70370795291
-449.287964824266
295.227571551415
337.517150342521
1412.66550739103
-40.0164607344553
622.032224942111
163.7293781493
548.714555926006
-1388.95532230744
-49.8366084663611
-297.871972427871
645.318125927776
1143.21048638574
97.2761832369268
-25.6973332834797
1305.12671437178
184.51673482129
-528.62157696544
-1829.19795085172
-356.602058494109
-1307.42007607629
124.000226854793
88.2221400495189
-712.665183239165
-933.605876390292
643.9641025725
635.868029581487
-2118.16394295332
620.865996658275
-403.045452955499
-394.783335321144
594.886325961083
1230.8051078146
-660.206277183764
-396.938568427342
-541.071449082599
-472.05000534986
448.110991110492
416.729371943835
-232.190587320257
-1946.6807878038
-379.526561189967
800.060901110289
-419.802214415565
-262.022568699526
-133.069108875057
1456.97547855851
-1003.17018325944
210.534926179595
-519.629866788226
-647.238654292392
425.257901215027
220.824410899274
-729.699887109896
65.6713735353299
50.7649099133016
-1317.71410288409
224.903962893212
-733.843871027839
216.148393452537
-786.883309636375
728.153435312246
173.128528861285
631.347651367973
-337.190562199756
282.637047243534
-759.995007071916
231.370854124112
222.253466049546
147.583771933971
195.438775263162
-613.785014850078
365.7156571369
-439.648183736325
-236.428336090102
-349.239072416192
258.733235469783
167.652981677021
-415.81911956408
155.682631410595
10.0081575688224
-150.660685279598
-61.9637834819795
-136.05680890013
-59.5380668909652
357.766441851479
205.797832834376
222.874883736536
-85.7572168065717
-67.6343962312889
751.674347880096
-212.960426488085
-50.7445231591153
-351.812100676242
-34.65528997561
-200.328005586418
175.185324790994
-103.883350693546
546.006655814697
